4297
14700
10695
13923
14554
4310
4249
10699
17845
14707
16508
16775
14698
16646
14711
14702
14704
14705
4236
4232
16058
4343
10706
17812
16749
14556
10684
14709
10692
4233
10694
15258
4311
4262
15257
16880
16778
4275
4228
10690
10711
16878
16879
16647
16649
10701
14699
16506
16652
15259
4302
4371
4305
10688
17036
16777
14703
4323
10696
14712
4317
15256
14708
4301
16648
10687
10708
16644
4263
4273
16776
16645
10704
10705
11659
17811
4230
10685
16507
4235
10680
10678
4252
4287
10689
11744
14710
4234
13890
15260
4321
10686
14713