816954
816962
828140
817285
799068
828920
802525
808867
807680
812191
824369
802514
819133
820584
810996
817035
826703
812801
814907
825381
817338
813040
817896
819091
819274
828040
817344
812436
820868
823625
816750
810898
810952
817031
833403
817283
834386
819323
810697
823822
833444
814655
840362
810802
813730
808558
800542
833429
808610
817118
817022
818996
813991
826817
817831
836480
811233
817145
814710
816602
824043
810784
817083
819076
820166
817236
817062
834715
817248
814042
810105
817043
817013
823933
824237
833322
827985
807606
816690
834285
834695
831989
826813
823850
834562
820535
817089
816668
826842
814721
816862
819615
814792
811971
824182
817060
834415
816974
813659
834404
812540
826683
819306
811129
817025
813451
834124
813509
818893
817097
817065
807614
817361
821305
824263
811900
799582
810598
810881
837549
799132
814927
807808
833415
826709
826763
807928
808661
817342
816840
813596
834132
834772
812532
812242
816957
814821
830048
826619
819084
834027
821624
816734
816924
819873
833375
802517
812254
817017
813619
817194
817045
833450
826777
837555
827876
814778
834519
839543
817262
812919
807687
826699
817034
836443
815006
835525
817161
834514
826803
817001
833317
813820
817297
816963
808390
810183
817002
810829
816982
812471
817167
802806
817233
820954
810656
828608
817268
817223
840144
814691
834117
817104
834558
835563
835492
828119
834784
830978
820851
834624
817259
826885
840282
819564
816912
810361
808635
801387
817056
816858
816775
814879
816966
817204
816907
833310
817076
813686
808937
828044
813972
817251
810843
828148
831063
820453
836389
837559
826774
818348
810819
816979
817077
817183
802526
840417
817801
828022
816934
819381
811050
810221
811668
810989
817133
840075
816980
808583
810811
826690
835474
814732
819030
817217
834065
834611
808742
840005
840432
814762
817293
826751
808902
811112
816586
813842
817200
814746
834596
834531
840106
816810
816999
834543
833361
816651
817212
817314
838589
819116
828085
834059
810982
802756
833347
813749
819069
817242
833330
819337
826829
826584
834540
816886
802325
833312
814738
828125
829400
811271
817229
814570
814615
834688
824124
834785
834660
817295
816976
811243
814944
817301
834793
834780
810919
816964
833357
833410
840445
819140
839979
810671
817740
828004
864438
835125
799196
834574
833332
812375
828683
819977
834649
817171
826634
827950
833331
834443
826865
814970
814325
817241
816983
810863
809750
810345
816595
828159
834737
820515
818939
819023
817255
836455
831231
834642
839874
799172
826638
817011
816815
817124
810200
817078
817172
816785
834552
831823
810628
831485
816396
817135
837574
834796
817005
817349
814797
797888
809734
820937
820261
826791
801672
836469
817163
816610
816806
825416
833316
812222
811063
808692
820353
802378
801121
810161
834718
814838
807635
812009
817122
814394
810776
810143
802363
799222
834528
817277
833363
802741
817115
834753
820552
835239
817228
802729
819103
833393
821766
834769
808832
819014
814149
834037
814674
833761
802789
829002
807908
834794
833436
817708
814083
826857
816929
836393
810757
820764
811202
814438
817081
817406
817156
833422
834720
817364
833134
834670
834683
802524
820693
820024
819298
811095
817023
814983
802371
834651
820467
834462
826891
837529
840377
837589
827906
816625
817143
814523
818616
816740
817057
834052
826657
798924
811164
814852
802318
819358
837161
809419
817296
833297
826873
823905
817108
816995
817019
839942
833367
831738
820797
817281
814128
833438
814597
839994
830557
813707
823961
833428
820305
819771
817421
808795
814844
826586
811285
834622
831147
817144
813488
812383
834432
819329
817192
820212
827976
826677
814857
834699
810749
817202
840293
834616
834588
818663
817399
816989
840351
817370
814752
813909
831572
814562
834726
812400
839042
811938
830725
814666
834518
818802
811206
817423
827852
816828
814992
810238
829963
819241
817195
833424
815034
836430
834686
828129
837604
810837
812337
820116
834629
808778
836409
812362
835544
802572
817413
833453
814583
814769
840186
817064
817237
810683
799574
824154
809397
813097
816990
817359
807914
826661
802332
835589
819718
798936
833365
840117
814808
800468
821347
816630
817203
810573
823204
807716
828110
802552
835485
817136
834517
817264
834745
834752
834757
817208
809686
826641
824344
834798
814460
811152
833859
836418
834075
820727
835581
816762
816687
819371
814418
829221
837613
816958
834750
814261
812495
819043
819226
834776
817378
798930
838937
809558
799486
819824
812156
833392
814783
820920
833339
830132
821579
834609
837250
816970
811282
840390
817396
812522
799149
828144
813573
834690
817392
827934
839149
834081
828048
814685
807625
815019
802513
799140
810613
833437
817770
837510
834613
839953
817091
810890
828761
817863
814653
811174
834499
817162
840202
816988
828114
816834
820440
834089
817151
816956
835531
833377
808459
814217
833309
808414
819233
833434
826834
821905
807596
817113
811227
819053
837525
828078
814934
823880
816637
814965
810556
808685
828103
802773
819218
826825
819290
826881
802347
840459
834546
833366
810713
814502
816955
817417
797522
828172
817382
834490
834582
830641
829314
834567
814874
833446
821813
807697
814642
817067
811056
814587
820710
820905
840170
825487
817305
833402
808481
837569
811183
817107
820836
813883
820677
828155
840086
819208
820483
834581
816991
834673
819351
817055
840404
826590
826851
810942
833352
817180
808368
812301
833409
829357
816618
837608
820743
817072
817116
814196
817347
811823
800582
833451
833826
837598
817053
837302
812324
817041
827958
834637
817182
814679
840256
823742
835551
814831
817191
817147
812858
835444
833328
817393
814371
834598
834570
816902
834645
826731
834258
834713
817050
817154
840036
833406
810641
816936
817335
833354
828052
807920
840048
817324
813154
816729
834630
826902
822998
812279
817288
818706
811151
824292
816725
829714
816655
817224
809493
816846
823987
817092
833341
834677
817234
839639
808813
830810
817197
833421
833376
808344
833391
833381
816765
817026
824318
833378
817388
819009
828163
801474
811082
814061
817071
797513
817152
810791
816680
820072
837616
826629
812348
817246
839592
831908
817142
814171
802515
834739
814959
817125
802522
840237
811216
817096
808761
817411
824071
819670
833456
840214
813532
817313
834533
817318
814817
820605
819154
835454
840334
824017
816825
817134
801866
828175
824209
809375
834473
823410
828135
808725
826438
826596
821674
811297
834671
817074
814868
826604
840225
840483
816852
826747
837594
814918
814304
817356
834313
834702
807673
817304
828100
834799
817123
817042
819149
809702
808849
811259
811074
840472
810871
817169
836403
820656
816972
812118
817279
814241
808436
817213
811004
827919
839780
817402
802340
828015
833345
822795
817377
835463
810935
801452
829878
826735
819367
837520
808884
817007
798468
837564
816965
833311
817320
817181
814577
816581
817170
828095
817272
819249
819195
834375
798488
817030
817046
826907
814948
826808
835414
809524
815028
815001
817032
833400
811253
817683
827889
814724
817254
826785
802824
817302
840158
816568
817252
820642
797531
817303
817239
834527
819059
840064
834593
829796
798508
840268
801764
839917
816661
826895
816919
826915
818571
830385
816699
817207
823688
810926
820400
809465
830303
839932
816674
814020
811865
833388
834663
834358
802516
829439
819265
817214
817176
808532
817187
811194
811014
834768
814915
819180
802356
807934
829131
834701
833389
824099
828064
818846
812978
813554
816789
817225
834640
833404
821393
817353
802386
817112
828088
812450
835571
812048
839965
834783
810091
831654
809719
837276
819201
834625
810467
809629
817232
854617
810586
817105
812311
817286
836397
816712
821533
840320
817004
817276
815014
812084
813773
814284
837219
818754
817061
833447
814605
836474
820885
817327
833334
829178
829269
830891
816590
811022
833340
816953
840022
817294
816891
837579
816897
801872
813795
814619
810850
833318
808501
819279
817916
812461
813950
817261
833704
837505
833412
825346
835505
821858
802523
840130
837193
810742
828057
814703
817409
834760
833793
807663
810466
834233
810906
826610
837544
823714
817269
834565
820778
830469
826911
837535
811140
808708
821720
814981
834032
834045
834743
810962
835424
817114
823767
817290
816781
836447
817328
813639
809443
812485
810122
800609
817153
864848
816641
816612
839827
830215
831402
825452
817095
817274
834111
811089
814483
834662
821486
819107
811122
819164
826769
817245
817010
835432
823661
801881
817051
814629
828072
807589
819313
837515
839688
817367
819000
834536
814635
836422
826668
833308
816872
828068
816747
819342
817373
807643
811044
817121
833359
807703
819517
817287
812424
840308
817020
833457
817160
810302
817100
836484
822599
817257
816985
813931
826797
812509
817216
820569
826868
820623
817106
807652
831319
817332
834575
821440
828168
819121
817137
814898
823795
834734
826845
834559
817164
814102
820500
816704
834103
800595
834730
816759
834708
817185
815038
808920
810769
820815
817141
811030
833321
819168
814889
816801
813863
816708
834603
826740
817098
817270
819186
833432
811294
837584
832959
819257
816973
836460
817384
833731
817087
810723
799541
812264
812411
817198
809594
833458
810969
816971
802843
819039
812288
837540
826757
816997
797435
813466
834095
835595
836433
817014
817227
814350
816878
817028
801653
817088
835514
801147
828840
839736
